 BEFORE SORTING :

Order ID	Timestamp	Value

1		348851816	268.19
2		316961298	587.51
3		49778549	697.23
4		754941294	377.38
5		796035822	754.25
6		918787225	289.12
7		837539617	639.93
8		732487736	475.58
9		620162148	216.74
10		497248529	555.54


 AFTER SORTING :

Order ID	Timestamp	Value

11		16621549	255.03
12		31996894	283.51
3		49778549	697.23
20		77048626	906.34
16		124607442	670.95
15		130398929	728.15
2		316961298	587.51
19		326854814	834.91
14		327071065	86.21
13		345056149	295.27


Time Taken: 0.012800 ms


=== Code Execution Successful ===
